00 00 00 02
00 00 00 64
00 00 62 39
00 00 1C 01
00 00 71 6B
00 00 59 58
00 00 57 BE
00 00 2D F8
00 00 1B 39
00 00 17 1A
00 00 5E 36
00 00 07 97
00 00 42 89
00 00 12 E0
00 00 6B 09
00 00 60 F2
00 00 36 33
00 00 3A EE
00 00 62 F6
00 00 3D 25
00 00 18 F5
00 00 62 E0
00 00 57 BD
00 00 01 37
00 00 2C C2
00 00 31 A6
00 00 4E 1C
00 00 72 45
00 00 68 5D
00 00 30 CE
00 00 1F FD
00 00 5E DC
00 00 0B 27
00 00 61 01
00 00 4E EE
00 00 77 A6
00 00 23 36
00 00 77 D1
00 00 5A D1
00 00 1B 49
00 00 39 A6
00 00 2A B2
00 00 70 D5
00 00 19 8C
00 00 19 34
00 00 2B 45
00 00 06 A5
00 00 31 BC
00 00 63 08
00 00 38 DD
00 00 35 DF
00 00 50 4E
00 00 65 D3
00 00 6B 3C
00 00 6B C7
00 00 4F C5
00 00 6B 1A
00 00 1A 9D
00 00 41 3D
00 00 40 D6
00 00 6E D2
00 00 08 F8
00 00 0E EC
00 00 7D CA
00 00 75 2C
00 00 30 81
00 00 11 C5
00 00 0D 25
00 00 72 B2
00 00 5B 71
00 00 33 AC
00 00 17 85
00 00 7A 93
00 00 69 0A
00 00 4C 70
00 00 74 CC
00 00 27 3B
00 00 63 D5
00 00 6F 01
00 00 14 81
00 00 71 27
00 00 4D 2F
00 00 16 DD
00 00 45 74
00 00 67 F8
00 00 42 03
00 00 49 CC
00 00 20 A1
00 00 01 C6
00 00 5C D9
00 00 01 CD
00 00 1B 57
00 00 74 B6
00 00 79 10
00 00 73 50
00 00 04 9A
00 00 00 01
00 00 00 01
00 00 00 00
00 00 00 01
00 00 00 00
00 00 00 00
00 00 00 04
00 00 00 00
00 00 00 01
00 00 00 34

00 00 00 08
00 00 00 00
00 00 00 00
00 00 00 00
00 00 00 01
00 00 00 01
00 00 00 00
00 00 00 00
00 00 00 00
00 00 00 00
00 00 00 00
00 00 00 00
00 00 00 00
00 00 00 00
00 00 00 00
